{
    "version": "1.0",
    "name": "sphere.vem",
    "materials": "sphere.vemtl",
    "meshes": [
        {
            "name": "mesh-0",
            "material": "mat-0",
            "attributes": [
                {
                    "size": 3,
                    "type": "FLOAT",
                    "attribute": "VERTEX_ATTRIB_POSITION"
                },
                {
                    "size": 3,
                    "type": "FLOAT",
                    "attribute": "VERTEX_ATTRIB_NORMAL"
                },
                {
                    "size": 3,
                    "type": "FLOAT",
                    "attribute": "VERTEX_ATTRIB_TANGENT"
                },
                {
                    "size": 3,
                    "type": "FLOAT",
                    "attribute": "VERTEX_ATTRIB_BITANGENT"
                },
                {
                    "size": 2,
                    "type": "FLOAT",
                    "attribute": "VERTEX_ATTRIB_TEX_COORD0"
                }
            ],
            "vertices": [
                0.000000,0.000000,1.000000,-0.000000,0.000000,1.000000,-0.587785,0.809017,-0.000000,0.809017,0.587785,0.000000,0.600000,1.000000
                ,0.219625,0.000000,0.975584,0.218000,0.000000,0.975949,-0.501017,0.858171,0.111914,0.871232,0.450647,-0.194609,0.500000,0.929517
                ,0.067868,0.208875,0.975584,0.067366,0.207331,0.975949,-0.661346,0.741685,-0.111914,0.697816,0.689333,-0.194609,0.700000,0.929517
                ,0.428525,0.000000,0.903530,0.427433,0.000000,0.904047,-0.037832,0.999124,0.017887,0.904047,0.000000,-0.427433,0.500000,0.859033
                ,0.289817,0.210565,0.933632,0.290790,0.211272,0.933169,-0.509939,0.859470,-0.035681,0.854427,0.381572,-0.352642,0.600000,0.883379
                ,0.289817,0.210565,0.933632,0.290790,0.211272,0.933169,-0.781231,0.615501,0.104093,0.300802,0.905675,-0.298781,0.600000,0.883379
                ,0.132421,0.407551,0.903530,0.132084,0.406513,0.904047,-0.938533,0.344727,-0.017887,0.279366,0.859800,-0.427433,0.700000,0.859033
                ,0.616500,0.000000,0.787355,0.616429,0.000000,0.787410,-0.018230,0.999732,0.014271,0.787410,0.000000,-0.616429,0.500000,0.788550
                ,0.502093,0.212399,0.838325,0.503143,0.214245,0.837225,-0.369152,0.929232,-0.015943,0.787502,0.285341,-0.546279,0.563694,0.816465
                ,0.357158,0.411884,0.838325,0.359239,0.412312,0.837225,-0.741339,0.671016,-0.012362,0.573191,0.610482,-0.546593,0.636306,0.816465
                ,0.190509,0.586326,0.787355,0.190487,0.586259,0.787410,-0.945168,0.326272,-0.014271,0.243323,0.748872,-0.616429,0.700000,0.788550
                ,0.774370,0.000000,0.632733,0.775416,0.000000,0.631450,-0.008799,0.999903,0.010806,0.631450,-0.000000,-0.775417,0.500000,0.718067
                ,0.690990,0.212688,0.690867,0.691972,0.215361,0.689053,-0.284470,0.958584,-0.013927,0.667784,0.171707,-0.724280,0.547523,0.742771
                ,0.569213,0.413557,0.710610,0.571020,0.414870,0.708392,-0.578340,0.815714,-0.011536,0.588061,0.395392,-0.705585,0.600000,0.751581
                ,0.415806,0.591446,0.690867,0.418652,0.591555,0.689053,-0.811291,0.584575,-0.008939,0.402682,0.559159,-0.724699,0.652476,0.742771
                ,0.239293,0.736470,0.632733,0.239617,0.737465,0.631450,-0.948245,0.317356,-0.010806,0.195129,0.600545,-0.775417,0.700000,0.718067
                ,0.894427,0.000000,0.447214,0.894427,0.000000,0.447214,-0.004224,0.999955,0.008447,0.447214,-0.000000,-0.894427,0.500000,0.647584
                ,0.842238,0.208875,0.496997,0.841843,0.209979,0.497201,-0.234637,0.971993,-0.013214,0.489303,0.091853,-0.867263,0.538690,0.665564
                ,0.748921,0.407551,0.522512,0.748693,0.407937,0.522538,-0.472937,0.881037,-0.010186,0.469004,0.231119,-0.852420,0.579318,0.675005
                ,0.619034,0.586326,0.522512,0.619330,0.585990,0.522538,-0.684584,0.728909,-0.006028,0.384399,0.354005,-0.852595,0.620682,0.675005
                ,0.458918,0.736470,0.496997,0.459846,0.735754,0.497201,-0.847258,0.531176,-0.002427,0.258075,0.425014,-0.867618,0.661310,0.665564
                ,0.276393,0.850651,0.447214,0.276393,0.850651,0.447214,-0.949709,0.313020,-0.008447,0.138196,0.425326,-0.894427,0.700000,0.647584
                ,0.000000,0.000000,1.000000,-0.000000,0.000000,1.000000,-0.951056,-0.309017,-0.000000,-0.309017,0.951057,0.000000,0.800000,1.000000
                ,0.067868,0.208875,0.975584,0.067366,0.207331,0.975949,-0.970992,-0.211307,0.111914,-0.159365,0.967848,-0.194609,0.700000,0.929517
                ,-0.177680,0.129092,0.975584,-0.176366,0.128137,0.975949,-0.909752,-0.399784,-0.111914,-0.439958,0.876678,-0.194609,0.900000,0.929517
                ,-0.110700,0.340701,0.933632,-0.111072,0.341844,0.933170,-0.974985,-0.219390,-0.035681,-0.098865,0.930521,-0.352642,0.800000,0.883379
                ,-0.110700,0.340701,0.933632,-0.111072,0.341844,0.933170,-0.826790,-0.552795,0.104093,-0.768396,0.565949,-0.298781,0.800000,0.883379
                ,-0.346684,0.251881,0.903530,-0.345801,0.251239,0.904047,-0.617877,-0.786071,-0.017887,-0.731390,0.531385,-0.427433,0.900000,0.859033
                ,-0.046848,0.543153,0.838326,-0.048280,0.544723,0.837225,-0.997827,-0.063936,-0.015943,-0.028024,0.837134,-0.546279,0.763694,0.816465
                ,-0.281357,0.466957,0.838326,-0.281121,0.469068,0.837225,-0.867261,-0.497700,-0.012362,-0.403477,0.733787,-0.546593,0.836306,0.816465
                ,-0.498759,0.362369,0.787355,-0.498702,0.362328,0.787410,-0.602376,-0.798085,-0.014272,-0.637028,0.462828,-0.616429,0.900000,0.788550
                ,0.011249,0.722895,0.690867,0.009011,0.724655,0.689053,-0.999573,0.025671,-0.013926,0.043054,0.688161,-0.724280,0.747523,0.742771
                ,-0.217420,0.669150,0.710610,-0.218110,0.671274,0.708392,-0.954507,-0.297964,-0.011536,-0.194319,0.681462,-0.705585,0.800000,0.751581
                ,-0.434008,0.578222,0.690867,-0.433232,0.580962,0.689053,-0.806666,-0.590940,-0.008939,-0.407356,0.555763,-0.724700,0.852476,0.742771
                ,-0.626479,0.455163,0.632733,-0.627325,0.455778,0.631450,-0.594847,-0.803766,-0.010806,-0.510854,0.371157,-0.775416,0.900000,0.718067
                ,0.061613,0.865562,0.496997,0.060442,0.865527,0.497201,-0.996927,0.077210,-0.013215,0.063846,0.493740,-0.867263,0.738690,0.665564
                ,-0.156175,0.838207,0.522512,-0.156612,0.838109,0.522538,-0.984062,-0.177534,-0.010186,-0.074877,0.517469,-0.852420,0.779318,0.675005
                ,-0.366337,0.769921,0.522512,-0.365926,0.770098,0.522538,-0.904782,-0.425833,-0.006028,-0.217893,0.474979,-0.852595,0.820682,0.675005
                ,-0.558611,0.664039,0.496997,-0.557643,0.664699,0.497201,-0.766995,-0.641648,-0.002427,-0.324462,0.376781,-0.867618,0.861310,0.665564
                ,-0.723607,0.525731,0.447214,-0.723607,0.525731,0.447214,-0.591176,-0.806498,-0.008447,-0.361804,0.262865,-0.894427,0.900000,0.647584
                ,0.000000,0.000000,1.000000,-0.000000,0.000000,1.000000,-0.000000,-1.000000,0.000000,-1.000000,-0.000000,0.000000,0.000000,1.000000
                ,-0.177680,0.129092,0.975584,-0.176366,0.128137,0.975949,-0.099088,-0.988765,0.111914,-0.969725,0.147516,-0.194609,-0.100000,0.929517
                ,-0.177680,-0.129092,0.975584,-0.176366,-0.128137,0.975949,0.099088,-0.988765,-0.111914,-0.969725,-0.147516,-0.194609,0.100000,0.929517
                ,-0.346684,0.251881,0.903530,-0.345801,0.251239,0.904047,-0.617877,-0.786071,-0.017887,-0.731390,0.531385,-0.427433,-0.100000,0.859033
                ,-0.358234,-0.000000,0.933632,-0.359436,-0.000000,0.933170,-0.092635,-0.995061,-0.035681,-0.915529,0.193521,-0.352642,0.000000,0.883379
                ,-0.358234,-0.000000,0.933632,-0.359436,-0.000000,0.933170,0.270247,-0.957147,0.104093,-0.775696,-0.555900,-0.298781,0.000000,0.883379
                ,-0.346684,-0.251881,0.903530,-0.345801,-0.251239,0.904047,0.556664,-0.830545,-0.017887,-0.731389,-0.531386,-0.427433,0.100000,0.859033
                ,-0.531046,0.123288,0.838326,-0.532982,0.122412,0.837225,-0.247539,-0.968747,-0.015943,-0.804821,0.232036,-0.546280,0.963693,0.816465
                ,-0.531046,0.123288,0.838326,-0.532982,0.122412,0.837225,-0.247539,-0.968747,-0.015943,-0.804821,0.232036,-0.546280,-0.036307,0.816465
                ,-0.531046,-0.123289,0.838326,-0.532981,-0.122412,0.837225,0.205342,-0.978612,-0.012362,-0.822553,-0.156977,-0.546593,0.036306,0.816465
                ,-0.498759,-0.362369,0.787355,-0.498702,-0.362328,0.787410,0.572879,-0.819516,-0.014272,-0.637028,-0.462828,-0.616429,0.100000,0.788550
                ,-0.684037,0.234085,0.690866,-0.686404,0.232500,0.689053,-0.333300,-0.942718,-0.013926,-0.641175,0.253600,-0.724280,0.947524,0.742771
                ,-0.684037,0.234085,0.690866,-0.686404,0.232500,0.689053,-0.333300,-0.942718,-0.013926,-0.641175,0.253600,-0.724280,-0.052476,0.742771
                ,-0.703586,-0.000000,0.710610,-0.705819,-0.000000,0.708392,-0.011578,-0.999866,-0.011536,-0.708157,0.025775,-0.705585,0.000000,0.751581
                ,-0.684037,-0.234086,0.690866,-0.686403,-0.232500,0.689053,0.312744,-0.949796,-0.008939,-0.654441,-0.215678,-0.724699,0.052477,0.742771
                ,-0.626478,-0.455163,0.632733,-0.627325,-0.455778,0.631450,0.580609,-0.814111,-0.010806,-0.510854,-0.371157,-0.775416,0.100000,0.718067
                ,-0.804159,0.326071,0.496997,-0.804488,0.324947,0.497201,-0.381498,-0.924275,-0.013215,-0.449845,0.213295,-0.867263,0.938690,0.665564
                ,-0.845443,0.110489,0.522512,-0.845485,0.110043,0.522538,-0.135247,-0.990760,-0.010186,-0.515281,0.088694,-0.852420,0.979318,0.675005
                ,-0.845443,0.110489,0.522512,-0.845485,0.110043,0.522538,-0.135247,-0.990760,-0.010186,-0.515281,0.088694,-0.852420,-0.020682,0.675005
                ,-0.845443,-0.110489,0.522512,-0.845484,-0.110043,0.522538,0.125399,-0.992088,-0.006028,-0.519065,-0.060452,-0.852594,0.020682,0.675005
                ,-0.804159,-0.326071,0.496997,-0.804488,-0.324947,0.497201,0.373229,-0.927736,-0.002427,-0.458604,-0.192151,-0.867618,0.061310,0.665564
                ,-0.723607,-0.525731,0.447214,-0.723607,-0.525731,0.447214,0.584342,-0.811463,-0.008447,-0.361804,-0.262866,-0.894427,0.100000,0.647584
                ,0.000000,0.000000,1.000000,-0.000000,0.000000,1.000000,0.951057,-0.309017,0.000000,-0.309017,-0.951057,0.000000,0.200000,1.000000
                ,-0.177680,-0.129092,0.975584,-0.176366,-0.128137,0.975949,0.909752,-0.399784,0.111914,-0.439958,-0.876678,-0.194609,0.100000,0.929517
                ,0.067868,-0.208875,0.975584,0.067366,-0.207331,0.975949,0.970992,-0.211306,-0.111914,-0.159365,-0.967848,-0.194609,0.300000,0.929517
                ,-0.110700,-0.340701,0.933632,-0.111072,-0.341844,0.933170,0.917733,-0.395591,-0.035681,-0.466964,-0.810919,-0.352642,0.200000,0.883379
                ,-0.110700,-0.340701,0.933632,-0.111072,-0.341844,0.933170,0.993812,-0.038754,0.104093,0.288989,-0.909514,-0.298781,0.200000,0.883379
                ,0.132422,-0.407551,0.903530,0.132084,-0.406513,0.904047,0.961914,0.272766,-0.017887,0.279366,-0.859800,-0.427433,0.300000,0.859033
                ,-0.281357,-0.466957,0.838326,-0.281121,-0.469068,0.837225,0.844839,-0.534783,-0.015943,-0.469383,-0.693728,-0.546280,0.163694,0.816465
                ,-0.046848,-0.543153,0.838326,-0.048280,-0.544723,0.837225,0.994170,-0.107115,-0.012362,-0.104889,-0.830803,-0.546593,0.236306,0.816465
                ,0.190509,-0.586326,0.787355,0.190487,-0.586259,0.787410,0.956435,0.291596,-0.014272,0.243323,-0.748872,-0.616429,0.300000,0.788550
                ,-0.434008,-0.578222,0.690866,-0.433231,-0.580962,0.689053,0.793583,-0.608303,-0.013926,-0.439322,-0.531428,-0.724280,0.147524,0.742771
                ,-0.217420,-0.669150,0.710610,-0.218110,-0.671274,0.708392,0.947352,-0.319987,-0.011536,-0.243346,-0.665532,-0.705585,0.200000,0.751581
                ,0.011249,-0.722895,0.690866,0.009011,-0.724655,0.689053,0.999952,0.003934,-0.008939,0.002889,-0.689059,-0.724699,0.252477,0.742771
                ,0.239294,-0.736470,0.632733,0.239617,-0.737465,0.631450,0.953683,0.300618,-0.010806,0.195129,-0.600545,-0.775416,0.300000,0.718067
                ,-0.558611,-0.664039,0.496997,-0.557643,-0.664699,0.497201,0.761149,-0.648443,-0.013215,-0.341866,-0.361916,-0.867263,0.138690,0.665564
                ,-0.366337,-0.769921,0.522512,-0.365926,-0.770098,0.522538,0.900475,-0.434789,-0.010187,-0.243584,-0.462653,-0.852420,0.179318,0.675005
                ,-0.156175,-0.838207,0.522512,-0.156612,-0.838109,0.522538,0.982282,-0.187311,-0.006028,-0.102907,-0.512340,-0.852595,0.220682,0.675005
                ,0.061614,-0.865562,0.496997,0.060442,-0.865528,0.497201,0.997663,0.068276,-0.002427,0.041029,-0.495536,-0.867618,0.261310,0.665564
                ,0.276393,-0.850651,0.447214,0.276393,-0.850651,0.447214,0.952319,0.304986,-0.008447,0.138197,-0.425325,-0.894427,0.300000,0.647584
                ,0.000000,0.000000,1.000000,-0.000000,0.000000,1.000000,0.587785,0.809017,-0.000000,0.809017,-0.587785,0.000000,0.400000,1.000000
                ,0.067868,-0.208875,0.975584,0.067366,-0.207331,0.975949,0.661346,0.741685,0.111914,0.697816,-0.689333,-0.194609,0.300000,0.929517
                ,0.219625,0.000000,0.975584,0.218000,0.000000,0.975949,0.501017,0.858171,-0.111914,0.871232,-0.450647,-0.194609,0.500000,0.929517
                ,0.289817,-0.210565,0.933632,0.290790,-0.211271,0.933170,0.659825,0.750572,-0.035681,0.626930,-0.694697,-0.352641,0.400000,0.883379
                ,0.289817,-0.210565,0.933632,0.290790,-0.211271,0.933170,0.343963,0.933196,0.104093,0.954301,-0.006210,-0.298781,0.400000,0.883379
                ,0.357159,-0.411884,0.838326,0.359239,-0.412312,0.837225,0.769678,0.638233,-0.015943,0.514727,-0.660784,-0.546279,0.363694,0.816465
                ,0.502093,-0.212399,0.838326,0.503143,-0.214245,0.837225,0.409088,0.912411,-0.012362,0.757728,-0.356488,-0.546593,0.436306,0.816465
                ,0.415806,-0.591446,0.690866,0.418652,-0.591555,0.689053,0.823761,0.566766,-0.013926,0.369660,-0.582040,-0.724280,0.347524,0.742771
                ,0.569213,-0.413557,0.710610,0.571020,-0.414870,0.708392,0.597074,0.802103,-0.011536,0.557761,-0.437096,-0.705585,0.400000,0.751581
                ,0.690990,-0.212688,0.690866,0.691972,-0.215361,0.689053,0.305261,0.952227,-0.008939,0.656227,-0.210184,-0.724699,0.452477,0.742771
                ,0.458918,-0.736470,0.496997,0.459846,-0.735754,0.497201,0.851914,0.523515,-0.013215,0.238560,-0.436971,-0.867263,0.338690,0.665564
                ,0.619034,-0.586326,0.522512,0.619330,-0.585990,0.522538,0.691771,0.722045,-0.010187,0.364738,-0.374629,-0.852420,0.379318,0.675005
                ,0.748921,-0.407551,0.522512,0.748693,-0.407937,0.522538,0.481685,0.876324,-0.006028,0.455465,-0.256192,-0.852595,0.420682,0.675005
                ,0.842238,-0.208875,0.496997,0.841843,-0.209979,0.497201,0.243361,0.969933,-0.002427,0.483962,-0.114108,-0.867618,0.461310,0.665564
                ,0.952050,-0.129092,0.277373,0.951312,-0.129602,0.279657,0.132752,0.991119,0.007731,0.277942,-0.031511,-0.960081,0.478550,0.589464
                ,0.952050,0.129092,0.277373,0.951312,0.129602,0.279657,-0.132753,0.991119,-0.007731,0.277942,0.031511,-0.960081,0.521450,0.589464
                ,0.963184,-0.251880,0.093987,0.963026,-0.252164,0.094838,0.253099,0.967438,0.002238,0.092151,-0.022469,-0.995491,0.459291,0.529961
                ,0.995273,0.000000,0.097119,0.995397,0.000000,0.095837,0.000167,0.999998,-0.001735,0.095836,-0.002820,-0.995393,0.500000,0.530963
                ,0.963184,0.251881,0.093987,0.963026,0.252164,0.094838,-0.253099,0.967438,-0.002238,0.092151,0.022469,-0.995492,0.540709,0.529961
                ,0.927284,-0.362369,-0.093987,0.927323,-0.362047,-0.094837,0.363579,0.931562,-0.001204,-0.088924,0.033004,-0.995492,0.440709,0.470039
                ,0.987312,-0.123288,-0.100072,0.987194,-0.122412,-0.102295,0.123259,0.992373,0.001983,-0.101445,0.013168,-0.994754,0.480228,0.468093
                ,0.987312,0.123288,-0.100072,0.987194,0.122412,-0.102295,-0.122890,0.992419,0.001638,-0.101622,-0.011741,-0.994754,0.519772,0.468093
                ,0.927283,0.362369,-0.093987,0.927323,0.362048,-0.094838,-0.363580,0.931562,0.001205,-0.088924,-0.033005,-0.995491,0.559291,0.470039
                ,0.846103,-0.455163,-0.277373,0.845806,-0.454317,-0.279657,0.472652,0.881246,-0.002120,-0.248332,0.128667,-0.960092,0.421450,0.410536
                ,0.923841,-0.234085,-0.302857,0.923277,-0.232500,-0.305784,0.246106,0.969223,0.006146,-0.295544,0.078564,-0.952093,0.460504,0.402060
                ,0.950242,0.000000,-0.311512,0.949257,0.000000,-0.314501,0.001767,0.999984,0.005335,-0.314499,0.004106,-0.949249,0.500000,0.399165
                ,0.923841,0.234086,-0.302857,0.923277,0.232500,-0.305784,-0.242888,0.970045,0.004197,-0.297506,-0.070774,-0.952093,0.539496,0.402060
                ,0.846103,0.455163,-0.277373,0.845806,0.454317,-0.279657,-0.472653,0.881246,0.002120,-0.248332,-0.128667,-0.960092,0.578550,0.410536
                ,0.723607,-0.525731,-0.447214,0.723607,-0.525731,-0.447214,0.584638,0.811258,-0.007727,-0.367826,0.254536,-0.894380,0.400000,0.352416
                ,0.804159,-0.326071,-0.496997,0.804488,-0.324947,-0.497201,0.381659,0.924204,0.013521,-0.455038,0.200842,-0.867527,0.438690,0.334436
                ,0.845443,-0.110489,-0.522512,0.845485,-0.110043,-0.522538,0.135480,0.990724,0.010572,-0.516721,0.078318,-0.852564,0.479318,0.324995
                ,0.845443,0.110489,-0.522512,0.845485,0.110043,-0.522538,-0.125399,0.992088,0.006028,-0.518696,-0.063349,-0.852609,0.520682,0.324995
                ,0.804159,0.326071,-0.496997,0.804488,0.324947,-0.497201,-0.373485,0.927634,0.001947,-0.460476,-0.187543,-0.867635,0.561310,0.334436
                ,0.723607,0.525731,-0.447214,0.723607,0.525731,-0.447214,-0.584638,0.811258,0.007727,-0.367826,-0.254536,-0.894380,0.600000,0.352416
                ,0.416974,0.865562,0.277373,0.417231,0.864702,0.279657,-0.901587,0.432528,0.007732,0.115858,0.254601,-0.960081,0.678550,0.589464
                ,0.171426,0.945345,0.277373,0.170713,0.944801,0.279657,-0.983633,0.180018,-0.007732,0.055920,0.274076,-0.960081,0.721450,0.589464
                ,0.537193,0.838207,0.093987,0.537414,0.837969,0.094838,-0.841876,0.539666,0.002238,0.049847,0.080697,-0.995491,0.659291,0.529961
                ,0.307556,0.946561,0.097119,0.307595,0.946679,0.095836,-0.951003,0.309176,-0.001735,0.032297,0.090274,-0.995393,0.700000,0.530963
                ,0.058087,0.993877,0.093987,0.057769,0.993815,0.094837,-0.998300,0.058243,-0.002238,0.007107,0.094584,-0.995492,0.740709,0.529961
                ,0.631180,0.769921,-0.093987,0.630886,0.770057,-0.094838,-0.773616,0.633653,-0.001204,-0.058868,-0.074373,-0.995492,0.640709,0.470039
                ,0.422351,0.900891,-0.100072,0.421480,0.901050,-0.102295,-0.905713,0.423887,0.001983,-0.043872,-0.092411,-0.994754,0.680228,0.468093
                ,0.187842,0.977088,-0.100072,0.188639,0.976704,-0.102295,-0.981822,0.189799,0.001638,-0.020237,-0.100277,-0.994754,0.719772,0.468093
                ,-0.058087,0.993877,-0.093987,-0.057769,0.993815,-0.094838,-0.998321,-0.057916,0.001204,0.003911,-0.094770,-0.995491,0.759291,0.470039
                ,0.694346,0.664039,-0.277373,0.693450,0.664018,-0.279657,-0.692057,0.721839,-0.002119,-0.199108,-0.196418,-0.960092,0.621450,0.410536
                ,0.508111,0.806288,-0.302857,0.506429,0.806242,-0.305784,-0.845735,0.533568,0.006146,-0.166047,-0.256801,-0.952093,0.660504,0.402060
                ,0.293641,0.903734,-0.311512,0.293337,0.902797,-0.314501,-0.950495,0.310693,0.005335,-0.101091,-0.297837,-0.949249,0.700000,0.399165
                ,0.062854,0.950961,-0.302857,0.064187,0.949935,-0.305784,-0.997624,0.068761,0.004198,-0.024623,-0.304815,-0.952093,0.739496,0.402060
                ,-0.171426,0.945345,-0.277373,-0.170713,0.944801,-0.279657,-0.984173,-0.177199,0.002119,0.045631,-0.275938,-0.960092,0.778550,0.410536
                ,0.558611,0.664039,-0.496997,0.557643,0.664699,-0.497201,-0.761031,0.648574,0.013521,-0.331627,-0.370703,-0.867527,0.638690,0.334436
                ,0.366337,0.769921,-0.522512,0.365926,0.770099,-0.522538,-0.900368,0.435000,0.010572,-0.234161,-0.467228,-0.852565,0.679318,0.324995
                ,0.156175,0.838207,-0.522512,0.156612,0.838109,-0.522538,-0.982282,0.187311,0.006028,-0.100038,-0.512885,-0.852609,0.720682,0.324995
                ,-0.061613,0.865562,-0.496997,-0.060442,0.865528,-0.497201,-0.997646,-0.068550,0.001947,0.036069,-0.495892,-0.867634,0.761310,0.334436
                ,-0.276393,0.850651,-0.447214,-0.276393,0.850651,-0.447214,-0.952215,-0.305331,0.007727,0.128414,-0.428479,-0.894380,0.800000,0.352416
                ,-0.694346,0.664039,0.277373,-0.693450,0.664018,0.279657,-0.689964,-0.723802,0.007731,-0.206339,0.188863,-0.960081,0.878550,0.589464
                ,-0.846103,0.455163,0.277373,-0.845806,0.454317,0.279657,-0.475166,-0.879862,-0.007731,-0.243382,0.137877,-0.960081,0.921450,0.589464
                ,-0.631180,0.769921,0.093987,-0.630886,0.770057,0.094838,-0.773407,-0.633906,0.002238,-0.061345,0.072343,-0.995492,0.859291,0.529961
                ,-0.805193,0.585007,0.097119,-0.805293,0.585080,0.095837,-0.587919,-0.808918,-0.001735,-0.075875,0.058614,-0.995393,0.900000,0.530963
                ,-0.927283,0.362369,0.093987,-0.927323,0.362047,0.094838,-0.363884,-0.931441,-0.002238,-0.087759,0.035987,-0.995491,0.940709,0.529961
                ,-0.537193,0.838207,-0.093987,-0.537413,0.837969,-0.094838,-0.841701,-0.539943,-0.001204,0.052541,-0.078969,-0.995491,0.840709,0.470039
                ,-0.726285,0.680070,-0.100072,-0.726704,0.679291,-0.102295,-0.683021,-0.730396,0.001983,0.074331,-0.070281,-0.994754,0.880228,0.468093
                ,-0.871220,0.480585,-0.100072,-0.870608,0.481224,-0.102295,-0.483909,-0.875117,0.001638,0.089115,-0.050233,-0.994754,0.919772,0.468093
                ,-0.963184,0.251880,-0.093987,-0.963026,0.252164,-0.094837,-0.253416,-0.967357,0.001204,0.091340,-0.025566,-0.995492,0.959291,0.470039
                ,-0.416974,0.865562,-0.277373,-0.417231,0.864703,-0.279657,-0.900368,-0.435125,-0.002119,0.125277,-0.250060,-0.960092,0.821450,0.410536
                ,-0.609811,0.732399,-0.302857,-0.610286,0.730785,-0.305784,-0.768800,-0.639460,0.006146,0.192922,-0.237276,-0.952093,0.860504,0.402060
                ,-0.768762,0.558538,-0.311512,-0.767965,0.557959,-0.314501,-0.589206,-0.807965,0.005335,0.252021,-0.188180,-0.949249,0.900000,0.399165
                ,-0.884995,0.353641,-0.302857,-0.883607,0.354592,-0.305784,-0.373678,-0.927549,0.004198,0.282287,-0.117612,-0.952093,0.939496,0.402060
                ,-0.952050,0.129092,-0.277373,-0.951312,0.129602,-0.279657,-0.135600,-0.990761,0.002119,0.276534,-0.041872,-0.960092,0.978550,0.410536
                ,-0.458918,0.736470,-0.496997,-0.459846,0.735754,-0.497201,-0.852002,-0.523363,0.013522,0.250082,-0.429949,-0.867527,0.838690,0.334436
                ,-0.619034,0.586326,-0.522512,-0.619330,0.585990,-0.522538,-0.691939,-0.721879,0.010572,0.372001,-0.367081,-0.852565,0.879318,0.324995
                ,-0.748921,0.407551,-0.522512,-0.748693,0.407937,-0.522538,-0.481685,-0.876324,0.006028,0.456869,-0.253632,-0.852609,0.920682,0.324995
                ,-0.842238,0.208875,-0.496997,-0.841843,0.209979,-0.497201,-0.243094,-0.970001,0.001947,0.482768,-0.118935,-0.867635,0.961310,0.334436
                ,-0.952050,0.129092,-0.277373,-0.951312,0.129602,-0.279657,-0.135600,-0.990761,0.002119,0.276534,-0.041872,-0.960092,-0.021450,0.410536
                ,-0.842238,0.208875,-0.496997,-0.841843,0.209979,-0.497201,-0.243094,-0.970001,0.001947,0.482768,-0.118935,-0.867635,-0.038690,0.334436
                ,-0.894427,-0.000000,-0.447214,-0.894427,0.000000,-0.447214,-0.003863,-0.999963,0.007727,0.447190,-0.010278,-0.894380,0.000000,0.352416
                ,-0.846103,-0.455163,0.277373,-0.845806,-0.454317,0.279657,0.475166,-0.879862,0.007732,-0.243382,-0.137877,-0.960081,0.078550,0.589464
                ,-0.694346,-0.664039,0.277373,-0.693449,-0.664018,0.279657,0.689964,-0.723802,-0.007732,-0.206338,-0.188863,-0.960081,0.121450,0.589464
                ,-0.927283,-0.362369,0.093987,-0.927323,-0.362047,0.094837,0.363884,-0.931441,0.002238,-0.087759,-0.035987,-0.995491,0.059291,0.529961
                ,-0.805193,-0.585007,0.097119,-0.805293,-0.585080,0.095836,0.587649,-0.809114,-0.001735,-0.079191,-0.054049,-0.995393,0.100000,0.530963
                ,-0.631180,-0.769921,0.093987,-0.630886,-0.770057,0.094837,0.773407,-0.633906,-0.002238,-0.061344,-0.072343,-0.995492,0.140709,0.529961
                ,-0.963183,-0.251881,-0.093987,-0.963026,-0.252164,-0.094837,0.253417,-0.967357,-0.001205,0.091340,0.025567,-0.995492,0.040709,0.470039
                ,-0.871220,-0.480585,-0.100072,-0.870608,-0.481225,-0.102295,0.483583,-0.875296,0.001983,0.089811,0.048975,-0.994754,0.080228,0.468093
                ,-0.726285,-0.680070,-0.100072,-0.726705,-0.679291,-0.102295,0.682749,-0.730651,0.001638,0.075313,0.069230,-0.994754,0.119772,0.468093
                ,-0.537193,-0.838207,-0.093987,-0.537414,-0.837969,-0.094837,0.841701,-0.539943,0.001204,0.052541,0.078969,-0.995491,0.159291,0.470039
                ,-0.952050,-0.129092,-0.277373,-0.951312,-0.129602,-0.279657,0.135600,-0.990761,-0.002120,0.276534,0.041872,-0.960092,0.021450,0.410536
                ,-0.884995,-0.353641,-0.302857,-0.883607,-0.354592,-0.305784,0.370591,-0.928776,0.006146,0.285279,0.110156,-0.952093,0.060504,0.402060
                ,-0.768762,-0.558538,-0.311512,-0.767965,-0.557959,-0.314501,0.586346,-0.810043,0.005335,0.256848,0.181536,-0.949249,0.100000,0.399165
                ,-0.609811,-0.732399,-0.302857,-0.610286,-0.730785,-0.305784,0.766678,-0.642018,0.004197,0.199087,0.232127,-0.952093,0.139496,0.402060
                ,-0.416974,-0.865562,-0.277373,-0.417231,-0.864703,-0.279657,0.900368,-0.435125,0.002119,0.125276,0.250060,-0.960092,0.178550,0.410536
                ,-0.842238,-0.208876,-0.496997,-0.841843,-0.209979,-0.497201,0.234465,-0.972031,0.013521,0.486185,0.104980,-0.867527,0.038690,0.334436
                ,-0.748921,-0.407551,-0.522512,-0.748693,-0.407937,-0.522538,0.472727,-0.881146,0.010572,0.464070,0.240359,-0.852565,0.079318,0.324995
                ,-0.619034,-0.586326,-0.522512,-0.619330,-0.585990,-0.522538,0.684584,-0.728909,0.006028,0.382399,0.356132,-0.852609,0.120682,0.324995
                ,-0.458918,-0.736470,-0.496997,-0.459846,-0.735754,-0.497201,0.847405,-0.530943,0.001947,0.262297,0.422386,-0.867635,0.161310,0.334436
                ,-0.276393,-0.850651,-0.447214,-0.276393,-0.850651,-0.447214,0.949827,-0.312680,0.007727,0.147965,0.422127,-0.894380,0.200000,0.352416
                ,0.171426,-0.945345,0.277373,0.170713,-0.944801,0.279657,0.983633,0.180018,0.007732,0.055920,-0.274076,-0.960081,0.278550,0.589464
                ,0.416974,-0.865562,0.277373,0.417231,-0.864703,0.279657,0.901587,0.432528,-0.007732,0.115857,-0.254601,-0.960081,0.321450,0.589464
                ,0.058087,-0.993877,0.093987,0.057769,-0.993815,0.094837,0.998300,0.058244,0.002238,0.007107,-0.094584,-0.995491,0.259291,0.529961
                ,0.307556,-0.946561,0.097119,0.307595,-0.946679,0.095836,0.951107,0.308858,-0.001735,0.026932,-0.092017,-0.995393,0.300000,0.530963
                ,0.537193,-0.838206,0.093987,0.537414,-0.837969,0.094837,0.841876,0.539666,-0.002238,0.049846,-0.080697,-0.995491,0.340709,0.529961
                ,-0.058087,-0.993877,-0.093987,-0.057769,-0.993815,-0.094837,0.998321,-0.057916,-0.001204,0.003910,0.094770,-0.995492,0.240709,0.470039
                ,0.187842,-0.977088,-0.100072,0.188639,-0.976704,-0.102294,0.981892,0.189433,0.001983,-0.018825,0.100549,-0.994754,0.280228,0.468093
                ,0.422351,-0.900891,-0.100072,0.421480,-0.901049,-0.102295,0.905871,0.423550,0.001638,-0.042569,0.093020,-0.994754,0.319772,0.468093
                ,0.631180,-0.769921,-0.093987,0.630886,-0.770057,-0.094838,0.773616,0.633654,0.001204,-0.058868,0.074372,-0.995492,0.359291,0.470039
                ,-0.171426,-0.945345,-0.277373,-0.170713,-0.944801,-0.279657,0.984173,-0.177199,-0.002119,0.045631,0.275938,-0.960092,0.221450,0.410536
                ,0.062854,-0.950961,-0.302857,0.064187,-0.949935,-0.305784,0.997837,0.065445,0.006146,-0.016609,0.305357,-0.952093,0.260504,0.402060
                ,0.293641,-0.903734,-0.311512,0.293337,-0.902797,-0.314501,0.951588,0.307332,0.005335,-0.093280,0.300375,-0.949249,0.300000,0.399165
                ,0.508111,-0.806288,-0.302857,0.506429,-0.806242,-0.305784,0.847512,0.530760,0.004198,-0.159244,0.261074,-0.952093,0.339496,0.402060
                ,0.694346,-0.664039,-0.277373,0.693450,-0.664018,-0.279657,0.692057,0.721839,0.002119,-0.199109,0.196418,-0.960092,0.378550,0.410536
                ,-0.061613,-0.865562,-0.496997,-0.060442,-0.865528,-0.497201,0.996910,-0.077385,0.013521,0.050398,0.494830,-0.867527,0.238690,0.334436
                ,0.156175,-0.838207,-0.522512,0.156612,-0.838109,-0.522538,0.984100,0.177301,0.010572,-0.085190,0.515632,-0.852564,0.279318,0.324995
                ,0.366337,-0.769921,-0.522512,0.365926,-0.770098,-0.522538,0.904782,0.425833,0.006028,-0.220534,0.473734,-0.852608,0.320682,0.324995
                ,0.558611,-0.664039,-0.496997,0.557643,-0.664699,-0.497201,0.766819,0.641860,0.001947,-0.320659,0.379984,-0.867635,0.361310,0.334436
                ,0.805193,0.585007,-0.097119,0.805293,0.585080,-0.095837,-0.587920,0.808918,-0.001735,-0.075875,-0.058613,-0.995393,0.600000,0.469037
                ,0.726285,0.680070,0.100072,0.726704,0.679291,0.102295,-0.683021,0.730396,0.001983,0.074331,0.070281,-0.994754,0.619772,0.531907
                ,0.871220,0.480585,0.100072,0.870608,0.481224,0.102295,-0.483909,0.875117,0.001638,0.089115,0.050233,-0.994754,0.580228,0.531907
                ,0.609811,0.732399,0.302857,0.610286,0.730785,0.305784,-0.768800,0.639460,0.006147,0.192921,0.237276,-0.952093,0.639496,0.597940
                ,0.768762,0.558538,0.311512,0.767965,0.557959,0.314502,-0.589206,0.807965,0.005334,0.252021,0.188180,-0.949249,0.600000,0.600835
                ,0.884995,0.353641,0.302857,0.883607,0.354592,0.305784,-0.373678,0.927549,0.004198,0.282287,0.117612,-0.952093,0.560504,0.597940
                ,-0.307556,0.946561,-0.097119,-0.307595,0.946679,-0.095836,-0.951003,-0.309175,-0.001735,0.032297,-0.090274,-0.995393,0.800000,0.469037
                ,-0.422351,0.900891,0.100072,-0.421480,0.901050,0.102294,-0.905713,-0.423887,0.001983,-0.043872,0.092410,-0.994754,0.819772,0.531907
                ,-0.187842,0.977088,0.100072,-0.188639,0.976704,0.102294,-0.981822,-0.189799,0.001638,-0.020237,0.100276,-0.994754,0.780228,0.531907
                ,-0.508111,0.806288,0.302857,-0.506429,0.806241,0.305784,-0.845735,-0.533568,0.006147,-0.166047,0.256801,-0.952093,0.839496,0.597940
                ,-0.293641,0.903734,0.311512,-0.293337,0.902797,0.314501,-0.950495,-0.310693,0.005334,-0.101091,0.297837,-0.949249,0.800000,0.600835
                ,-0.062854,0.950961,0.302857,-0.064187,0.949935,0.305784,-0.997624,-0.068761,0.004198,-0.024625,0.304815,-0.952093,0.760504,0.597940
                ,-0.995273,-0.000000,-0.097119,-0.995397,-0.000000,-0.095836,0.000167,-0.999998,-0.001735,0.095836,0.002820,-0.995393,0.000000,0.469037
                ,-0.963184,0.251880,-0.093987,-0.963026,0.252164,-0.094837,-0.253416,-0.967357,0.001204,0.091340,-0.025566,-0.995492,-0.040709,0.470039
                ,-0.987312,-0.123289,0.100072,-0.987194,-0.122412,0.102295,0.123260,-0.992373,0.001982,-0.101445,-0.013168,-0.994754,0.019772,0.531907
                ,-0.987312,0.123288,0.100072,-0.987194,0.122412,0.102295,-0.122890,-0.992419,0.001638,-0.101622,0.011740,-0.994754,-0.019772,0.531907
                ,-0.987312,0.123288,0.100072,-0.987194,0.122412,0.102295,-0.122890,-0.992419,0.001638,-0.101622,0.011740,-0.994754,0.980228,0.531907
                ,-0.923841,-0.234086,0.302857,-0.923277,-0.232501,0.305784,0.246107,-0.969223,0.006146,-0.295544,-0.078564,-0.952093,0.039496,0.597940
                ,-0.950242,-0.000000,0.311512,-0.949257,-0.000000,0.314501,0.001767,-0.999984,0.005334,-0.314498,-0.004106,-0.949249,0.000000,0.600835
                ,-0.923841,0.234085,0.302857,-0.923277,0.232501,0.305784,-0.242888,-0.970045,0.004198,-0.297506,0.070774,-0.952093,-0.039496,0.597940
                ,-0.923841,0.234085,0.302857,-0.923277,0.232501,0.305784,-0.242888,-0.970045,0.004198,-0.297506,0.070774,-0.952093,0.960504,0.597940
                ,-0.307556,-0.946561,-0.097119,-0.307595,-0.946679,-0.095836,0.951107,-0.308858,-0.001735,0.026933,0.092017,-0.995393,0.200000,0.469037
                ,-0.187842,-0.977088,0.100072,-0.188639,-0.976704,0.102294,0.981892,-0.189433,0.001983,-0.018825,-0.100549,-0.994754,0.219772,0.531907
                ,-0.422351,-0.900892,0.100072,-0.421480,-0.901050,0.102294,0.905871,-0.423550,0.001638,-0.042569,-0.093020,-0.994754,0.180228,0.531907
                ,-0.062854,-0.950961,0.302857,-0.064187,-0.949935,0.305784,0.997837,-0.065445,0.006147,-0.016609,-0.305357,-0.952093,0.239496,0.597940
                ,-0.293641,-0.903734,0.311512,-0.293337,-0.902797,0.314501,0.951588,-0.307331,0.005334,-0.093280,-0.300375,-0.949249,0.200000,0.600835
                ,-0.508111,-0.806288,0.302857,-0.506429,-0.806242,0.305784,0.847512,-0.530760,0.004198,-0.159245,-0.261074,-0.952093,0.160504,0.597940
                ,0.805193,-0.585006,-0.097119,0.805293,-0.585080,-0.095836,0.587649,0.809114,-0.001735,-0.079191,0.054049,-0.995393,0.400000,0.469037
                ,0.871220,-0.480585,0.100072,0.870608,-0.481225,0.102295,0.483583,0.875296,0.001983,0.089811,-0.048975,-0.994754,0.419772,0.531907
                ,0.726285,-0.680070,0.100072,0.726705,-0.679291,0.102295,0.682749,0.730651,0.001638,0.075313,-0.069230,-0.994754,0.380228,0.531907
                ,0.884995,-0.353641,0.302857,0.883607,-0.354592,0.305784,0.370591,0.928776,0.006147,0.285279,-0.110157,-0.952093,0.439496,0.597940
                ,0.768762,-0.558538,0.311512,0.767965,-0.557959,0.314501,0.586346,0.810043,0.005334,0.256848,-0.181536,-0.949249,0.400000,0.600835
                ,0.609811,-0.732399,0.302857,0.610286,-0.730785,0.305784,0.766678,0.642018,0.004197,0.199087,-0.232127,-0.952093,0.360504,0.597940
                ,0.000000,0.000000,-1.000000,-0.000000,0.000000,-1.000000,-0.951057,0.309017,0.000000,-0.309017,-0.951057,0.000000,0.700000,0.000000
                ,-0.067868,0.208875,-0.975584,-0.067366,0.207331,-0.975949,-0.970992,0.211306,0.111914,-0.159365,-0.967848,-0.194609,0.800000,0.070483
                ,0.177680,0.129092,-0.975584,0.176366,0.128137,-0.975949,-0.909752,0.399784,-0.111913,-0.439957,-0.876678,-0.194609,0.600000,0.070483
                ,-0.132421,0.407551,-0.903530,-0.132084,0.406513,-0.904047,-0.961914,-0.272766,0.017887,0.279366,-0.859800,-0.427433,0.800000,0.140967
                ,0.110700,0.340701,-0.933632,0.111072,0.341844,-0.933170,-0.974985,0.219389,-0.035681,-0.098864,-0.930521,-0.352642,0.700000,0.116621
                ,0.110700,0.340701,-0.933632,0.111072,0.341844,-0.933170,-0.826790,0.552796,0.104094,-0.768396,-0.565949,-0.298781,0.700000,0.116621
                ,0.346684,0.251881,-0.903530,0.345801,0.251239,-0.904047,-0.617877,0.786071,-0.017887,-0.731389,-0.531385,-0.427433,0.600000,0.140967
                ,-0.190509,0.586326,-0.787355,-0.190487,0.586259,-0.787410,-0.956435,-0.291596,0.014272,0.243323,-0.748872,-0.616429,0.800000,0.211450
                ,0.046848,0.543153,-0.838326,0.048280,0.544723,-0.837225,-0.997827,0.063935,-0.015943,-0.028024,-0.837134,-0.546279,0.736306,0.183535
                ,0.281357,0.466957,-0.838326,0.281121,0.469068,-0.837225,-0.867261,0.497700,-0.012362,-0.403476,-0.733787,-0.546593,0.663694,0.183535
                ,0.498759,0.362369,-0.787355,0.498702,0.362328,-0.787410,-0.602376,0.798085,-0.014272,-0.637028,-0.462828,-0.616429,0.600000,0.211450
                ,-0.239294,0.736470,-0.632733,-0.239617,0.737465,-0.631450,-0.953683,-0.300618,0.010806,0.195129,-0.600545,-0.775417,0.800000,0.281933
                ,-0.011249,0.722895,-0.690867,-0.009011,0.724655,-0.689053,-0.999573,-0.025671,-0.013926,0.043053,-0.688161,-0.724280,0.752476,0.257229
                ,0.217420,0.669150,-0.710610,0.218110,0.671274,-0.708392,-0.954507,0.297964,-0.011536,-0.194319,-0.681462,-0.705585,0.700000,0.248419
                ,0.434008,0.578222,-0.690867,0.433232,0.580962,-0.689053,-0.806666,0.590940,-0.008939,-0.407356,-0.555763,-0.724699,0.647523,0.257229
                ,0.626479,0.455163,-0.632733,0.627325,0.455778,-0.631450,-0.594847,0.803766,-0.010806,-0.510854,-0.371157,-0.775416,0.600000,0.281933
                ,0.000000,0.000000,-1.000000,-0.000000,0.000000,-1.000000,-0.587785,-0.809017,0.000000,0.809017,-0.587785,-0.000000,-0.100000,0.000000
                ,-0.219625,-0.000000,-0.975584,-0.218000,0.000000,-0.975949,-0.501017,-0.858171,0.111914,0.871232,-0.450647,-0.194609,0.000000,0.070483
                ,-0.067868,0.208875,-0.975584,-0.067366,0.207331,-0.975949,-0.661346,-0.741685,-0.111914,0.697816,-0.689333,-0.194609,-0.200000,0.070483
                ,-0.428525,-0.000000,-0.903530,-0.427433,0.000000,-0.904047,-0.037832,-0.999124,0.017887,0.904047,0.000000,-0.427433,0.000000,0.140967
                ,-0.289817,0.210565,-0.933632,-0.290790,0.211272,-0.933169,-0.509938,-0.859471,-0.035681,0.854428,-0.381572,-0.352642,-0.100000,0.116621
                ,-0.067868,0.208875,-0.975584,-0.067366,0.207331,-0.975949,-0.661346,-0.741685,-0.111914,0.697816,-0.689333,-0.194609,0.800000,0.070483
                ,-0.289817,0.210565,-0.933632,-0.290790,0.211272,-0.933169,-0.781232,-0.615500,0.104094,0.300802,-0.905675,-0.298781,0.900000,0.116621
                ,-0.616500,-0.000000,-0.787355,-0.616429,0.000000,-0.787410,-0.018230,-0.999732,0.014271,0.787410,-0.000000,-0.616429,0.000000,0.211450
                ,-0.502093,0.212399,-0.838325,-0.503143,0.214245,-0.837225,-0.369151,-0.929233,-0.015943,0.787502,-0.285341,-0.546279,-0.063694,0.183535
                ,-0.289817,0.210565,-0.933632,-0.290790,0.211272,-0.933169,-0.509938,-0.859471,-0.035681,0.854428,-0.381572,-0.352642,0.900000,0.116621
                ,-0.502093,0.212399,-0.838325,-0.503143,0.214245,-0.837225,-0.369151,-0.929233,-0.015943,0.787502,-0.285341,-0.546279,0.936306,0.183535
                ,-0.357158,0.411884,-0.838325,-0.359239,0.412312,-0.837225,-0.741339,-0.671017,-0.012362,0.573191,-0.610482,-0.546593,0.863693,0.183535
                ,-0.774370,-0.000000,-0.632733,-0.775416,-0.000000,-0.631450,-0.008800,-0.999903,0.010806,0.631450,0.000000,-0.775416,0.000000,0.281933
                ,-0.690990,0.212688,-0.690867,-0.691972,0.215361,-0.689053,-0.284470,-0.958584,-0.013926,0.667784,-0.171707,-0.724280,-0.047523,0.257229
                ,-0.690990,0.212688,-0.690867,-0.691972,0.215361,-0.689053,-0.284470,-0.958584,-0.013926,0.667784,-0.171707,-0.724280,0.952477,0.257229
                ,-0.569213,0.413557,-0.710610,-0.571020,0.414870,-0.708392,-0.578340,-0.815715,-0.011536,0.588061,-0.395392,-0.705585,0.900000,0.248419
                ,-0.415806,0.591446,-0.690867,-0.418652,0.591555,-0.689053,-0.811291,-0.584575,-0.008939,0.402681,-0.559159,-0.724699,0.847524,0.257229
                ,0.000000,0.000000,-1.000000,-0.000000,0.000000,-1.000000,0.587785,-0.809017,-0.000000,0.809017,0.587785,0.000000,0.100000,0.000000
                ,-0.067868,-0.208875,-0.975584,-0.067366,-0.207330,-0.975949,0.661346,-0.741685,0.111913,0.697816,0.689333,-0.194609,0.200000,0.070483
                ,-0.219625,-0.000000,-0.975584,-0.218000,0.000000,-0.975949,0.501017,-0.858171,-0.111914,0.871232,0.450647,-0.194609,0.000000,0.070483
